0.0 6.3 13.6 21.9 0.0 0.0 0.0 0.0
2.4 6.4 14.1 22.3 0.0 0.0 -0.2 0.0
4.8 6.4 16.7 22.4 0.0 0.0 -0.3 0.0
7.2 6.3 18.6 22.2 0.0 0.0 -0.5 0.0
9.6 6.1 20.1 21.8 0.0 0.0 -0.7 0.0
12.0 5.9 21.3 21.3 0.0 0.0 -0.8 0.0
14.4 5.7 22.3 20.7 0.0 0.0 -1.0 0.0
16.8 5.5 23.2 20.1 0.0 0.0 -1.1 0.0
19.2 5.4 24.2 19.5 0.0 0.0 -1.3 0.0
21.6 5.2 22.1 19.0 0.0 0.0 -1.4 0.0
24.0 5.2 20.3 18.8 0.0 0.0 -1.6 0.0
26.4 5.3 19.0 18.8 0.0 0.0 -1.7 0.0
28.8 5.3 18.1 18.9 0.0 0.0 -1.9 0.0
31.2 5.5 17.3 19.2 0.0 0.0 -2.0 0.0
33.6 5.6 16.7 19.5 0.0 0.0 -2.1 0.0
36.0 5.7 16.2 19.9 0.0 0.0 -2.3 0.0
38.4 5.8 15.8 20.3 0.0 0.0 -2.4 0.0
40.8 6.0 15.3 20.7 0.0 0.0 -2.6 0.0
43.2 6.1 14.8 21.1 0.0 0.0 -2.8 0.0
45.6 6.2 14.3 21.5 0.0 0.0 -2.9 0.0
48.0 6.3 13.6 21.9 0.0 0.0 -3.1 0.0
